
12时30分57秒  CPU    %usr   %nice    %sys %iowait    %irq   %soft  %steal  %guest  %gnice   %idle
12时30分58秒  all    2.51    0.00    0.50    0.00    0.00    0.00    0.00    0.00    0.00   96.98
12时30分59秒  all    4.26    0.00    5.01    0.00    0.00    0.00    0.00    0.00    0.00   90.73
12时31分00秒  all    1.25    0.00    0.25    0.00    0.00    0.00    0.00    0.00    0.00   98.50
12时31分01秒  all    0.50    0.00    0.25    0.00    0.00    0.00    0.00    0.00    0.00   99.25
12时31分02秒  all    0.50    0.00    0.00    0.00    0.00    0.00    0.00    0.00    0.00   99.50
12时31分03秒  all    0.50    0.00    0.25    0.00    0.00    0.00    0.00    0.00    0.00   99.25
12时31分04秒  all    0.25    0.00    0.00    0.00    0.00    0.00    0.00    0.00    0.00   99.75
12时31分05秒  all    0.75    0.00    0.25    0.00    0.00    0.00    0.00    0.00    0.00   99.00
12时31分06秒  all    0.50    0.00    0.00    0.00    0.00    0.00    0.00    0.00    0.00   99.50
12时31分07秒  all    1.00    0.00    0.25    0.00    0.00    0.00    0.00    0.00    0.00   98.76
12时31分08秒  all    0.50    0.00    0.25    0.00    0.00    0.00    0.00    0.00    0.00   99.25
12时31分09秒  all    1.50    0.00    0.50    0.00    0.00    0.00    0.00    0.00    0.00   97.99
12时31分10秒  all    4.75    0.00   14.75    0.00    0.00    0.25    0.00    0.00    0.00   80.25
12时31分11秒  all    3.50    0.00   21.75    0.00    0.00    0.00    0.00    0.00    0.00   74.75
12时31分12秒  all    4.25    0.00   20.75    0.25    0.00    0.00    0.00    0.00    0.00   74.75
12时31分13秒  all    3.51    0.00   19.30    0.00    0.00    0.00    0.00    0.00    0.00   77.19
12时31分14秒  all    0.50    0.00    0.25    0.00    0.00    0.00    0.00    0.00    0.00   99.25
12时31分15秒  all    0.25    0.00    0.00    0.00    0.00    0.00    0.00    0.00    0.00   99.75
12时31分16秒  all    0.25    0.00    0.00    0.00    0.00    0.00    0.00    0.00    0.00   99.75
12时31分17秒  all    0.75    0.00    0.25    0.00    0.00    0.00    0.00    0.00    0.00   99.00
12时31分18秒  all    0.25    0.00    0.00    0.00    0.00    0.00    0.00    0.00    0.00   99.75
12时31分19秒  all    0.50    0.00    0.25    0.00    0.00    0.00    0.00    0.00    0.00   99.25
12时31分20秒  all    0.50    0.00    0.00    0.00    0.00    0.00    0.00    0.00    0.00   99.50
12时31分21秒  all    0.00    0.00    0.00    0.00    0.00    0.00    0.00    0.00    0.00  100.00
12时31分22秒  all    0.50    0.00    0.50    0.00    0.00    0.00    0.00    0.00    0.00   99.00
12时31分23秒  all    0.00    0.00    0.25    0.00    0.00    0.00    0.00    0.00    0.00   99.75
12时31分24秒  all    0.50    0.00    0.25    0.00    0.00    0.00    0.00    0.00    0.00   99.25
12时31分25秒  all    0.25    0.00    0.00    0.00    0.00    0.00    0.00    0.00    0.00   99.75
12时31分26秒  all    0.25    0.00    0.00    0.00    0.00    0.00    0.00    0.00    0.00   99.75
12时31分27秒  all    0.25    0.00    0.00    0.00    0.00    0.00    0.00    0.00    0.00   99.75
12时31分28秒  all    0.50    0.00    0.25    0.00    0.00    0.00    0.00    0.00    0.00   99.25
12时31分29秒  all    0.25    0.00    0.25    0.00    0.00    0.00    0.00    0.00    0.00   99.50
12时31分30秒  all    0.00    0.00    0.00    0.00    0.00    0.00    0.00    0.00    0.00  100.00
12时31分31秒  all    0.25    0.00    0.00    0.00    0.00    0.00    0.00    0.00    0.00   99.75
12时31分32秒  all    0.25    0.00    0.00    0.25    0.00    0.00    0.00    0.00    0.00   99.50
12时31分33秒  all    0.25    0.00    0.00    0.00    0.00    0.00    0.00    0.00    0.00   99.75
12时31分34秒  all    0.25    0.00    0.00    0.00    0.00    0.00    0.00    0.00    0.00   99.75
12时31分35秒  all    0.25    0.00    0.25    0.00    0.00    0.00    0.00    0.00    0.00   99.50
12时31分36秒  all    0.50    0.00    0.00    0.00    0.00    0.00    0.00    0.00    0.00   99.50
12时31分37秒  all    0.25    0.00    0.00    0.00    0.00    0.00    0.00    0.00    0.00   99.75
12时31分38秒  all    0.25    0.00    0.25    0.00    0.00    0.00    0.00    0.00    0.00   99.50
12时31分39秒  all    0.25    0.00    0.00    0.00    0.00    0.00    0.00    0.00    0.00   99.75
12时31分40秒  all    0.00    0.00    0.00    0.00    0.00    0.00    0.00    0.00    0.00  100.00
12时31分41秒  all    0.50    0.00    0.00    0.00    0.00    0.00    0.00    0.00    0.00   99.50
12时31分42秒  all    0.00    0.00    0.00    0.00    0.00    0.00    0.00    0.00    0.00  100.00
12时31分43秒  all    0.50    0.00    0.00    0.00    0.00    0.00    0.00    0.00    0.00   99.50
12时31分44秒  all    0.00    0.00    0.00    0.00    0.00    0.00    0.00    0.00    0.00  100.00
12时31分45秒  all    0.25    0.00    0.00    0.00    0.00    0.00    0.00    0.00    0.00   99.75
12时31分46秒  all    0.00    0.00    0.25    0.00    0.00    0.00    0.00    0.00    0.00   99.75
12时31分47秒  all    0.25    0.00    0.25    0.00    0.00    0.00    0.00    0.00    0.00   99.50
12时31分48秒  all    0.75    0.00    0.00    0.00    0.00    0.00    0.00    0.00    0.00   99.25
12时31分49秒  all    0.50    0.00    0.00    0.00    0.00    0.00    0.00    0.00    0.00   99.50
12时31分50秒  all    0.25    0.00    0.00    0.00    0.00    0.00    0.00    0.00    0.00   99.75
12时31分51秒  all    0.50    0.00    0.25    0.00    0.00    0.00    0.00    0.00    0.00   99.25
12时31分52秒  all    0.50    0.00    0.25    0.25    0.00    0.00    0.00    0.00    0.00   99.00
12时31分53秒  all    0.50    0.00    0.50    0.00    0.00    0.00    0.00    0.00    0.00   99.00
12时31分54秒  all    0.25    0.00    0.50    0.00    0.00    0.00    0.00    0.00    0.00   99.25
12时31分55秒  all    0.75    0.00    0.75    0.00    0.00    0.00    0.00    0.00    0.00   98.50
12时31分56秒  all    0.00    0.00    0.25    0.00    0.00    0.00    0.00    0.00    0.00   99.75
12时31分57秒  all    0.25    0.00    0.50    0.00    0.00    0.00    0.00    0.00    0.00   99.25
12时31分58秒  all    0.50    0.00    0.50    0.00    0.00    0.00    0.00    0.00    0.00   99.00
12时31分59秒  all    0.25    0.00    0.75    0.00    0.00    0.00    0.00    0.00    0.00   99.00
12时32分00秒  all    0.50    0.00    0.25    0.00    0.00    0.00    0.00    0.00    0.00   99.25
12时32分01秒  all    0.00    0.00    0.25    0.00    0.00    0.00    0.00    0.00    0.00   99.75
12时32分02秒  all    0.25    0.00    0.25    0.00    0.00    0.00    0.00    0.00    0.00   99.50
12时32分03秒  all    2.76    0.00    5.26    0.00    0.00    0.00    0.00    0.00    0.00   91.98
12时32分04秒  all    4.51    0.00   20.55    0.00    0.00    0.00    0.00    0.00    0.00   74.94
12时32分05秒  all    5.00    0.00   20.25    0.00    0.00    0.00    0.00    0.00    0.00   74.75
12时32分06秒  all    2.24    0.00    6.48    0.00    0.00    0.00    0.00    0.00    0.00   91.27
12时32分07秒  all    0.25    0.00    0.25    0.00    0.00    0.00    0.00    0.00    0.00   99.50
12时32分08秒  all    0.25    0.00    0.25    0.00    0.00    0.00    0.00    0.00    0.00   99.50
12时32分09秒  all    0.50    0.00    0.25    0.00    0.00    0.00    0.00    0.00    0.00   99.25
12时32分10秒  all    3.25    0.00    8.50    0.00    0.00    0.00    0.00    0.00    0.00   88.25
12时32分11秒  all    4.25    0.00   21.00    0.25    0.00    0.00    0.00    0.00    0.00   74.50
12时32分12秒  all    3.26    0.00   21.80    0.00    0.00    0.00    0.00    0.00    0.00   74.94
12时32分13秒  all    1.25    0.00    7.50    0.00    0.00    0.00    0.00    0.00    0.00   91.25
12时32分14秒  all    0.25    0.00    0.25    0.00    0.00    0.00    0.00    0.00    0.00   99.50
12时32分15秒  all    0.25    0.00    0.25    0.00    0.00    0.00    0.00    0.00    0.00   99.50
12时32分16秒  all    0.25    0.00    0.50    0.00    0.00    0.00    0.00    0.00    0.00   99.25
12时32分17秒  all    5.51    0.00    0.75    0.00    0.00    0.00    0.00    0.00    0.00   93.73
12时32分18秒  all    0.75    0.00    0.25    0.00    0.00    0.00    0.00    0.00    0.00   99.00
12时32分19秒  all    0.25    0.00    0.25    0.00    0.00    0.00    0.00    0.00    0.00   99.50
12时32分20秒  all    0.25    0.00    0.00    0.00    0.00    0.00    0.00    0.00    0.00   99.75
12时32分21秒  all    0.25    0.00    0.25    0.00    0.00    0.00    0.00    0.00    0.00   99.50
12时32分22秒  all    0.25    0.00    0.00    0.00    0.00    0.00    0.00    0.00    0.00   99.75
12时32分23秒  all    0.00    0.00    0.00    0.00    0.00    0.00    0.00    0.00    0.00  100.00
12时32分24秒  all    0.00    0.00    0.00    0.00    0.00    0.00    0.00    0.00    0.00  100.00
12时32分25秒  all    0.00    0.00    0.00    0.00    0.00    0.00    0.00    0.00    0.00  100.00
12时32分26秒  all    0.25    0.00    0.00    0.25    0.00    0.00    0.00    0.00    0.00   99.50
12时32分27秒  all    0.25    0.00    0.25    0.00    0.00    0.00    0.00    0.00    0.00   99.50
12时32分28秒  all    0.50    0.00    0.00    0.00    0.00    0.00    0.00    0.00    0.00   99.50
12时32分29秒  all    0.75    0.00    0.00    0.00    0.00    0.00    0.00    0.00    0.00   99.25
12时32分30秒  all    0.25    0.00    0.25    0.00    0.00    0.00    0.00    0.00    0.00   99.50
12时32分31秒  all    0.25    0.00    0.00    0.00    0.00    0.00    0.00    0.00    0.00   99.75
12时32分32秒  all    0.75    0.00    0.50    0.00    0.00    0.00    0.00    0.00    0.00   98.75
12时32分33秒  all    4.25    0.00   15.25    0.00    0.00    0.00    0.00    0.00    0.00   80.50
12时32分34秒  all    5.50    0.00   19.75    0.00    0.00    0.00    0.00    0.00    0.00   74.75
12时32分35秒  all    4.49    0.00   16.96    0.00    0.00    0.00    0.00    0.00    0.00   78.55
12时32分36秒  all    0.25    0.00    0.25    0.00    0.00    0.00    0.00    0.00    0.00   99.50
12时32分37秒  all    0.25    0.00    0.25    0.00    0.00    0.00    0.00    0.00    0.00   99.50
12时32分38秒  all    0.25    0.00    0.00    0.00    0.00    0.00    0.00    0.00    0.00   99.75
12时32分39秒  all    0.25    0.00    0.00    0.00    0.00    0.00    0.00    0.00    0.00   99.75
12时32分40秒  all    0.50    0.00    0.00    0.00    0.00    0.00    0.00    0.00    0.00   99.50
12时32分41秒  all    0.00    0.00    0.25    0.25    0.00    0.00    0.00    0.00    0.00   99.50
12时32分42秒  all    0.50    0.00    0.25    0.00    0.00    0.00    0.00    0.00    0.00   99.25
12时32分43秒  all    0.00    0.00    0.00    0.00    0.00    0.00    0.00    0.00    0.00  100.00
12时32分44秒  all    0.50    0.00    0.00    0.00    0.00    0.00    0.00    0.00    0.00   99.50
12时32分45秒  all    0.25    0.00    0.25    0.00    0.00    0.00    0.00    0.00    0.00   99.50
12时32分46秒  all    1.26    0.00    0.50    0.00    0.00    0.00    0.00    0.00    0.00   98.24
12时32分47秒  all    1.77    0.00    0.51    0.00    0.00    0.00    0.00    0.00    0.00   97.73
12时32分48秒  all    2.28    0.00    3.04    0.00    0.00    0.00    0.00    0.00    0.00   94.68
12时32分49秒  all    0.75    0.00    1.26    0.00    0.00    0.00    0.00    0.00    0.00   97.99

平均时间:  all    0.95    0.00    2.38    0.01    0.00    0.00    0.00    0.00    0.00   96.65
